5547 6747 6869 6982,
5560 4005 9080 3808,
5242 6780 5736 8342,
5132 8580 9931 1988,
5299 8824 1424 9789,
5474 3037 4505 9398,
5431 0732 4436 3045,
5496 3518 8166 2206,
5563 2498 5503 4212,
5405 6495 7648 9995,
5160 7292 4837 8142,
5475 9290 2811 1461,
5567 3441 7127 5809,
5206 2499 8643 4631,
5169 8671 1228 6925,
3704 3728 0641 180,
3420 7227 7710 683,
3430 1350 1996 606,
3451 2311 3514 271,
3441 7949 7089 356,
3425 7651 2987 617,
3745 5044 9332 628,
3728 1416 7627 870,
3721 4706 5159 674,
3759 3319 8952 623,